Transformed_X,Transformed_Y
428.0,57.99999999999997
427.0,31.999999999999975
409.0,11.999999999999975
377.0,-9.000000000000023
352.0,-20.00000000000002
319.0,-29.000000000000018
273.0,-31.000000000000018
269.0,-29.000000000000018
252.0,-28.000000000000014
223.0,-17.000000000000014
215.0,-8.000000000000012
209.0,-7.000000000000012
199.0,7.999999999999988
195.0,24.99999999999999
195.0,40.999999999999986
201.0,63.999999999999986
204.0,69.99999999999999
207.0,70.99999999999999
212.0,77.99999999999999
221.0,83.99999999999999
236.0,85.99999999999999
265.0,102.99999999999999
314.0,117.99999999999999
352.0,118.99999999999997
380.0,112.99999999999997
395.0,106.99999999999997
416.0,92.99999999999997
424.0,77.99999999999997
